%YAML:1.0
descriptors: !!opencv-matrix
   rows: 55
   cols: 64
   dt: f
   data: [ 5.46512892e-04, -4.31371387e-04, 7.15108588e-04,
       1.04645721e-03, -6.19389699e-04, 2.49563530e-03, 1.12812445e-02,
       1.16601214e-02, 2.39391718e-02, -4.20992076e-03, 3.01646832e-02,
       1.17438324e-02, -5.05714538e-03, 3.61744687e-03, 7.48675643e-03,
       4.78215376e-03, 1.23142626e-03, 1.30167035e-02, 5.55918505e-03,
       1.40048089e-02, 1.59862712e-01, 1.88374490e-01, 2.51918226e-01,
       2.41663828e-01, -8.25341120e-02, 1.98609039e-01, 1.98829502e-01,
       2.98626184e-01, 4.13178131e-02, -1.48550402e-02, 6.80087209e-02,
       3.79943736e-02, 2.89068278e-03, -1.01374807e-02, 1.17306290e-02,
       1.45701123e-02, 4.11323160e-01, -6.82032779e-02, 4.91057694e-01,
       1.24729186e-01, -1.44505963e-01, 1.85264617e-01, 2.21440762e-01,
       2.79898107e-01, -3.13472399e-03, 1.19389575e-02, 6.75947666e-02,
       3.24338265e-02, 5.91551093e-03, 2.09038774e-03, 6.13128999e-03,
       2.64274771e-03, 2.95784678e-02, 1.51116848e-02, 7.52030537e-02,
       4.19391617e-02, 5.84695442e-03, -1.65591445e-02, 2.98564490e-02,
       4.75467555e-02, -9.86923836e-03, -3.64222727e-03, 1.25144934e-02,
       4.76717902e-03, -2.02018797e-04, 5.44218210e-06, 4.21643083e-04,
       5.67063631e-04, 7.27827894e-03, 7.11886305e-03, 9.10586957e-03,
       8.93302169e-03, 1.00829694e-02, 3.37599107e-04, 2.43262891e-02,
       2.21628230e-02, -1.26681442e-03, 4.71115904e-03, 5.05035836e-03,
       5.78486687e-03, -1.44734629e-03, -1.83332639e-04, 7.29227299e-03,
       5.20422356e-03, 1.99905723e-01, 1.58481538e-01, 2.02405259e-01,
       1.82235643e-01, 2.25755144e-02, 1.93616867e-01, 4.09678221e-01,
       2.80834675e-01, -8.07857793e-03, 9.94967483e-03, 8.25969428e-02,
       3.00982762e-02, 2.76373583e-03, 3.00540961e-03, 6.35045674e-03,
       7.99167529e-03, 3.05760831e-01, 4.98874374e-02, 4.80819583e-01,
       2.33299643e-01, -9.04002935e-02, 6.75354302e-02, 3.33783388e-01,
       2.17106834e-01, 1.08853476e-02, -4.48507024e-04, 6.54539242e-02,
       2.79304553e-02, -7.79608381e-04, 4.11338406e-03, 3.64862755e-03,
       4.15660348e-03, -9.60906129e-03, 1.29649350e-02, 6.04958721e-02,
       2.04497315e-02, 1.77661777e-02, -2.49775662e-03, 5.56274801e-02,
       2.22065430e-02, 1.53141469e-03, -1.07845000e-03, 6.82327943e-03,
       2.89398804e-03, -1.00068201e-03, -4.25240578e-04, 1.49580941e-03,
       2.90244073e-03, 1.24586737e-02, -1.37794428e-02, 2.94230115e-02,
       2.63754036e-02, -1.17994323e-02, 2.51406664e-03, 1.90720335e-02,
       2.79894099e-02, 4.37181303e-03, -4.11213422e-03, 5.44058997e-03,
       4.35989210e-03, -7.07573676e-03, 1.64090260e-03, 1.54290870e-02,
       1.16634537e-02, 1.78205028e-01, 1.99502513e-01, 2.86871165e-01,
       2.83222198e-01, -9.62108970e-02, 1.25406727e-01, 3.32195133e-01,
       2.98421800e-01, 4.36796658e-02, 5.40173263e-04, 4.90990616e-02,
       6.44914582e-02, -9.25901346e-03, 3.93691519e-03, 4.52586785e-02,
       3.17721777e-02, 1.67343840e-01, -1.07750490e-01, 3.86014730e-01,
       3.08998555e-01, -2.40456294e-02, -8.03744569e-02, 3.89463156e-01,
       2.66111165e-01, -4.95291222e-03, 2.15038396e-02, 4.21118215e-02,
       5.97096197e-02, -1.51998259e-03, 4.04233206e-03, 5.73390583e-03,
       5.17786760e-03, -1.08982585e-02, -8.49891047e-04, 4.67808284e-02,
       3.13283280e-02, 3.10725551e-02, -3.62932507e-04, 4.48849574e-02,
       1.84476711e-02, -2.14933907e-03, -1.06720043e-04, 4.49565845e-03,
       2.07648799e-03, 1.59655302e-03, 6.53223833e-03, 3.41771985e-03,
       7.96933286e-03, 4.51276526e-02, 3.65677825e-03, 6.91489354e-02,
       3.42889093e-02, -4.04637493e-03, 2.87496578e-02, 1.56013770e-02,
       3.90024595e-02, -2.92192865e-03, 4.26168973e-03, 9.00773704e-03,
       9.15913098e-03, 1.47217186e-02, -3.04334555e-02, 4.81674746e-02,
       6.42772019e-02, 1.19098581e-01, 1.21410996e-01, 3.94931495e-01,
       3.02342236e-01, 4.94472943e-02, -1.66126508e-02, 2.87887990e-01,
       4.29345131e-01, -1.83767173e-02, -1.44009003e-02, 5.19572832e-02,
       2.89143305e-02, -2.49794833e-02, 2.37250561e-03, 4.19392325e-02,
       2.55624410e-02, 3.82191271e-01, -7.25973248e-02, 4.06196922e-01,
       1.08555779e-01, -1.39803901e-01, 2.70219464e-02, 2.06286311e-01,
       1.54572219e-01, -1.96326226e-02, -3.63653322e-04, 4.30119336e-02,
       4.01447266e-02, -3.68607044e-03, 7.79604670e-05, 3.90766095e-03,
       3.96777829e-03, 4.06079926e-02, 6.29532896e-03, 7.18183070e-02,
       3.99390087e-02, 1.21022444e-02, 9.69124230e-05, 2.22082008e-02,
       1.49999494e-02, -3.28389276e-03, 4.91684768e-03, 3.30387219e-03,
       4.96312650e-03, 6.32818614e-04, 4.41993168e-03, 2.20391341e-03,
       5.08580077e-03, 6.94532366e-03, -1.07319960e-02, 2.17841808e-02,
       2.37997714e-02, -7.19145034e-03, -1.03412913e-02, 2.30476391e-02,
       2.22154800e-02, 6.88832253e-03, 3.16639809e-04, 8.36146809e-03,
       2.01703678e-03, 4.31911796e-02, -1.96667825e-04, 7.11068884e-02,
       4.91949581e-02, -1.96749181e-01, -2.58804369e-03, 3.55886996e-01,
       3.31846774e-01, 2.15972543e-01, 1.34201929e-01, 3.69127482e-01,
       2.31207103e-01, -2.09075995e-02, 3.03689782e-02, 5.53852692e-02,
       5.35641573e-02, -9.68135335e-03, -1.48304580e-02, 4.99989837e-02,
       2.79826373e-02, 1.50209308e-01, 1.37426302e-01, 2.60332853e-01,
       2.91391850e-01, 1.02528639e-01, 8.19210261e-02, 4.08035189e-01,
       2.44976744e-01, -2.65833978e-02, -8.18313193e-03, 4.08905223e-02,
       1.77152473e-02, -8.31884332e-04, 4.04733655e-05, 1.88773335e-03,
       1.90091040e-03, 2.97730993e-02, 4.88054100e-03, 4.25137952e-02,
       2.35865954e-02, -1.88623052e-02, -1.05886990e-02, 4.53758724e-02,
       2.91556064e-02, 1.57822936e-03, -2.02438654e-03, 6.87415991e-03,
       3.42879444e-03, 6.73774804e-04, 3.49806796e-04, 9.57446289e-04,
       6.42649073e-04, 3.72219197e-02, -4.95924661e-03, 4.31574844e-02,
       1.48116359e-02, 8.67282413e-03, 1.32451318e-02, 3.07563692e-02,
       2.67890450e-02, 3.38607142e-03, 2.43774964e-03, 4.75534983e-03,
       3.69931827e-03, -2.03179121e-02, 4.13650088e-02, 4.73148301e-02,
       7.09576234e-02, 2.14742348e-01, 1.48733720e-01, 4.40669328e-01,
       1.75163060e-01, -4.95779030e-02, 3.36114652e-02, 2.18114331e-01,
       1.93481743e-01, 2.24513914e-02, -2.62561496e-02, 2.46464722e-02,
       2.99140029e-02, 4.42810124e-03, 1.19772519e-03, 8.99318513e-03,
       8.24797153e-03, 1.73150331e-01, 2.35834867e-02, 6.55039012e-01,
       1.16352685e-01, -2.19970331e-01, 3.63397673e-02, 2.28446230e-01,
       1.17389023e-01, 6.70232298e-03, -7.41015421e-03, 8.75283591e-03,
       1.00385072e-02, 2.75831291e-04, 1.10034354e-03, 1.11553783e-03,
       1.54245237e-03, 6.96965028e-03, -4.99484921e-03, 9.61035192e-02,
       2.56085079e-02, -6.41370565e-03, 1.35450494e-02, 2.89536025e-02,
       2.03837622e-02, -1.79829833e-03, 1.83848757e-03, 2.46555405e-03,
       2.33809231e-03, 4.50976717e-04, 1.22926695e-05, 9.66110092e-04,
       5.27711876e-04, -5.23856468e-02, -6.01985911e-03, 5.28272241e-02,
       1.05489222e-02, 4.69642691e-02, -7.87618395e-04, 4.83048968e-02,
       9.84929409e-03, -5.23444905e-04, 7.91925704e-05, 1.33456488e-03,
       1.96567248e-03, -3.27639136e-04, -1.36587955e-03, 2.24245805e-03,
       2.01033521e-03, -3.32080156e-01, -8.42809826e-02, 3.32532495e-01,
       8.69510919e-02, 3.30556661e-01, -1.19943181e-02, 3.33131224e-01,
       6.45856857e-02, -2.67036282e-03, 1.26555923e-03, 6.57364493e-03,
       9.67357308e-03, 3.02738190e-04, 4.41543729e-04, 1.46077492e-03,
       2.22298410e-03, -1.71329111e-01, 6.01584800e-02, 4.94519562e-01,
       1.92044005e-01, 2.19073728e-01, 2.92105954e-02, 3.90964240e-01,
       5.51249683e-02, 3.37707251e-03, 7.50792446e-04, 5.01744403e-03,
       2.43981835e-03, -1.73530739e-03, -6.44834596e-04, 1.81240274e-03,
       7.59911316e-04, -1.27960807e-02, 7.91965239e-03, 7.35059604e-02,
